0 0.20286718750000002 0.6457638888888889 0.052609375 0.08041666666666666
0 0.254421875 0.8128472222222223 0.0798359375 0.12094444444444444
0 0.4122265625 0.8213888888888888 0.0963203125 0.11023611111111112
0 0.32853125 0.5270972222222222 0.058390624999999995 0.057361111111111106
0 0.4155703125 0.5917916666666666 0.07177343750000001 0.08356944444444445
0 0.5260546875000001 0.6056805555555556 0.0650546875 0.07166666666666667
0 0.45239843750000003 0.4310416666666667 0.042749999999999996 0.03986111111111111
0 0.49692968750000005 0.49197222222222226 0.04475 0.03869444444444444
0 0.5895546875 0.48819444444444443 0.055898437499999995 0.058930555555555555
0 0.51065625 0.3921527777777778 0.029796875 0.025569444444444443
