0 0.4764921875 0.6183333333333333 0.06821875 0.073625
0 0.31671875 0.6486388888888889 0.0676640625 0.08523611111111111
0 0.324765625 0.5380277777777778 0.044609375 0.05477777777777777
0 0.4045078125 0.45643055555555556 0.0416953125 0.03851388888888889
0 0.5098359375 0.4483194444444445 0.0363125 0.04031944444444445
0 0.600453125 0.4922638888888889 0.05225 0.043166666666666666
0 0.4880859375 0.400875 0.0334140625 0.027930555555555556
0 0.5762421875 0.39945833333333336 0.029921874999999997 0.02251388888888889
0 0.0748125 0.722111111111111 0.0434921875 0.09298611111111112
0 0.6355390625 0.384125 0.0238203125 0.024305555555555556
