0 0.3828125 0.7932361111111111 0.0975234375 0.11123611111111112
0 0.29575 0.6686666666666666 0.06979687500000001 0.09259722222222222
0 0.063359375 0.734111111111111 0.0427890625 0.09461111111111112
0 0.31534375 0.5470694444444444 0.0518125 0.05018055555555556
0 0.403796875 0.4552222222222222 0.043296875 0.03751388888888889
0 0.47865624999999995 0.4744444444444445 0.03965625 0.03875
0 0.5788203125 0.5620694444444444 0.0545546875 0.057861111111111106
0 0.5612578125 0.423125 0.03615625 0.030305555555555554
0 0.48855468750000003 0.4035416666666667 0.034359375 0.03576388888888889
0 0.64371875 0.4332916666666667 0.029593750000000002 0.025847222222222223
