0 0.41914843749999997 0.840361111111111 0.0976015625 0.1366388888888889
0 0.082125 0.8680000000000001 0.0665546875 0.10034722222222223
0 0.084984375 0.6937916666666666 0.0455703125 0.060597222222222226
0 0.334921875 0.6157638888888889 0.04934375 0.06736111111111111
0 0.2525 0.584375 0.04478125 0.06226388888888889
0 0.4988984375 0.5582638888888889 0.0586640625 0.057513888888888885
0 0.37289062500000003 0.46105555555555555 0.045140625000000004 0.042888888888888886
0 0.4615078125 0.4098333333333333 0.029671874999999997 0.028624999999999998
0 0.5456484374999999 0.43493055555555554 0.0338515625 0.03813888888888889
0 0.523609375 0.36877777777777776 0.026039062499999998 0.021152777777777777
