0 0.31353125 0.7963888888888888 0.0851328125 0.11816666666666667
0 0.098859375 0.8446944444444444 0.054476562500000006 0.08931944444444445
0 0.0376484375 0.7669027777777777 0.048484375 0.08427777777777777
0 0.2139609375 0.6132083333333334 0.0429921875 0.06541666666666666
0 0.28407031250000003 0.6607361111111112 0.05796875 0.07577777777777778
0 0.4891328125 0.6020694444444444 0.064109375 0.06509722222222222
0 0.42378125000000005 0.5205277777777777 0.048070312500000004 0.05252777777777778
0 0.3416640625 0.5009166666666667 0.0443828125 0.041541666666666664
0 0.42210156249999997 0.43222222222222223 0.035898437500000005 0.035875
0 0.511359375 0.4395972222222222 0.038 0.04120833333333333
0 0.5631328124999999 0.5206805555555556 0.044515624999999996 0.049708333333333334
0 0.633953125 0.46076388888888886 0.0326875 0.03651388888888889
