0 0.0576796875 0.9059166666666667 0.0680390625 0.1285138888888889
0 0.06359375 0.7390277777777778 0.059773437500000005 0.08440277777777778
0 0.32194531249999997 0.7253333333333334 0.06978124999999999 0.0927361111111111
0 0.24940625 0.5816666666666667 0.045242187499999996 0.059361111111111114
0 0.3823203125 0.4800555555555555 0.0454375 0.046625
0 0.4801875 0.5564583333333333 0.06930468749999999 0.06848611111111111
0 0.498453125 0.46791666666666665 0.0389296875 0.03891666666666667
0 0.4573203125 0.417625 0.033859375000000004 0.03079166666666667
0 0.5745 0.45355555555555555 0.047015625 0.04513888888888889
0 0.5385 0.41611111111111115 0.031492187500000005 0.028805555555555553
0 0.5160859375 0.38343055555555555 0.0278515625 0.023041666666666665
0 0.5657890625 0.385625 0.027250000000000003 0.025347222222222222
0 0.5964375000000001 0.3566527777777778 0.021484375 0.019694444444444445
