0 0.4721484375 0.7471666666666668 0.097875 0.09670833333333333
0 0.32551562500000003 0.7239444444444445 0.076921875 0.08598611111111111
0 0.0537734375 0.9100972222222222 0.0758515625 0.14875
0 0.23478906249999998 0.6007083333333333 0.049484375000000004 0.06570833333333334
0 0.38566406249999996 0.48125 0.047671875 0.05694444444444444
0 0.45596875 0.513 0.049890625 0.05695833333333333
0 0.5496015625 0.5143888888888889 0.060812500000000005 0.06370833333333333
0 0.522578125 0.4376805555555556 0.034375 0.03830555555555555
0 0.45707812499999995 0.41758333333333336 0.035812500000000004 0.030680555555555555
0 0.5137109375 0.38425000000000004 0.0309140625 0.021986111111111113
0 0.5628124999999999 0.3887777777777778 0.027242187499999997 0.027416666666666666
0 0.6068203125 0.4158611111111111 0.029679687500000003 0.03268055555555556
0 0.626578125 0.37872222222222224 0.024375 0.01998611111111111
0 0.5978046875 0.35662499999999997 0.024890625 0.01926388888888889
