0 0.273734375 0.7128333333333333 0.0715703125 0.0796388888888889
0 0.245609375 0.616 0.051039062499999996 0.07643055555555556
0 0.47215625 0.6642222222222223 0.07109375 0.0816111111111111
0 0.32795312499999996 0.49909722222222225 0.050992187499999994 0.05425000000000001
0 0.47309375 0.5222777777777778 0.0535390625 0.049166666666666664
0 0.44213281249999997 0.4385694444444444 0.03628125 0.03126388888888889
0 0.52025 0.44922222222222224 0.032468750000000005 0.030083333333333333
0 0.57484375 0.5425277777777778 0.053078125 0.049958333333333334
0 0.273296875 0.9544722222222223 0.10670312500000001 0.09104166666666666
0 0.63440625 0.4759861111111111 0.029578125 0.03136111111111111
0 0.6255703125000001 0.4287916666666667 0.03359375 0.030416666666666665
0 0.5671640625000001 0.406125 0.031101562500000002 0.027138888888888886
0 0.5410234375 0.336625 0.020859375 0.020333333333333335
0 0.5027890625 0.3736527777777777 0.031117187499999997 0.027597222222222224
