0 0.34660156249999996 0.856111111111111 0.0900859375 0.12016666666666666
0 0.273953125 0.7189861111111111 0.0675546875 0.09591666666666666
0 0.2434921875 0.6144027777777777 0.062421875 0.05738888888888889
0 0.47427343750000006 0.5175694444444444 0.059710937500000005 0.05418055555555555
0 0.5291796875 0.6167916666666666 0.062375 0.06215277777777778
0 0.3291953125 0.49772222222222223 0.04634375 0.04623611111111111
0 0.44281249999999994 0.43773611111111116 0.039773437499999995 0.036305555555555556
0 0.519890625 0.4504583333333333 0.03409375 0.03654166666666667
0 0.6129453125000001 0.49388888888888893 0.03975 0.043194444444444445
0 0.5671875 0.40462499999999996 0.02815625 0.02736111111111111
0 0.623578125 0.4310972222222222 0.0391015625 0.03676388888888889
