0 0.557609375 0.6321388888888889 0.0680625 0.07284722222222223
0 0.409875 0.6174444444444445 0.0654765625 0.06923611111111111
0 0.1926171875 0.607125 0.05 0.06923611111111111
0 0.405375 0.46894444444444444 0.0419921875 0.05063888888888889
0 0.4888828125 0.47518055555555555 0.041484375000000004 0.036083333333333335
0 0.5875078125 0.48924999999999996 0.0444765625 0.03891666666666667
0 0.613796875 0.430375 0.033421875000000004 0.02684722222222222
0 0.55565625 0.4080416666666667 0.03184375 0.02386111111111111
0 0.51534375 0.3752083333333333 0.027414062500000003 0.025194444444444446
0 0.5865078125000001 0.3549583333333333 0.0257265625 0.020416666666666666
