0 0.20286718750000002 0.5819921875 0.05260937500000003 0.04523437499999998
0 0.25442187499999996 0.6759765625 0.0798359375 0.06803125000000003
0 0.41222656250000006 0.68078125 0.09632031250000006 0.06200781250000009
0 0.32853125 0.5152421875 0.05839062500000001 0.032265625000000055
0 0.41557031250000004 0.5516328125 0.07177343750000001 0.04700781249999997
0 0.5260546875000001 0.5594453125000001 0.06505468749999999 0.040312500000000105
0 0.45239843750000003 0.46121093750000003 0.042750000000000024 0.022421875000000036
0 0.49692968750000005 0.49548437500000003 0.04474999999999998 0.02176562500000001
0 0.5895546875 0.493359375 0.05589843750000005 0.03314843750000005
0 0.51065625 0.4393359375 0.02979687499999999 0.014382812500000064
