0 0.14954687500000002 0.7266328125000001 0.0671640625 0.06457031249999998
0 0.301953125 0.582515625 0.06371093750000001 0.03565625000000008
0 0.1859140625 0.5685625 0.05182812499999998 0.03874999999999993
0 0.39523437499999997 0.675984375 0.10022656249999998 0.07581249999999998
0 0.4572890625 0.526640625 0.059609374999999964 0.036453125000000065
0 0.5344296875000001 0.5520078125 0.06057031249999989 0.036625
0 0.3282890625 0.49654687499999994 0.04625781250000007 0.023554687499999984
0 0.45842968749999996 0.47729687500000006 0.0390625 0.024203125000000013
0 0.5562890625 0.46555468750000006 0.032515625000000006 0.020281249999999938
0 0.5031640625 0.44614062499999996 0.029984374999999997 0.012242187500000057
