0 0.3785625 0.64728125 0.079984375 0.05101562499999997
0 0.5680156249999999 0.6515234375000001 0.08911718750000004 0.05610156249999996
0 0.18724218750000002 0.6488984375 0.05695312500000001 0.055929687499999936
0 0.186734375 0.57246875 0.045757812499999995 0.03368749999999991
0 0.3280234375 0.515296875 0.03996875000000002 0.024507812500000004
0 0.40629687499999995 0.47746093749999996 0.046226562500000054 0.02008593750000003
0 0.45056250000000003 0.49221875 0.04181249999999999 0.021640624999999948
0 0.48813281249999996 0.56084375 0.05486718750000001 0.039281249999999976
0 0.632984375 0.49289843750000006 0.03923437499999993 0.02042968750000007
0 0.5893046875 0.462703125 0.03160937499999994 0.021101562499999994
