0 0.4764921875 0.5665625 0.06821874999999995 0.041414062499999994
0 0.31671875 0.583609375 0.06766406250000001 0.04794531249999991
0 0.32476562500000006 0.521390625 0.04460937499999997 0.03081250000000004
0 0.4045078125 0.4754921875000001 0.04169531250000005 0.021664062499999925
0 0.5098359374999999 0.4709296875000001 0.03631249999999993 0.02267968749999998
0 0.600453125 0.49564843750000004 0.05224999999999991 0.024281250000000032
0 0.4880859375 0.4442421875 0.03341406249999999 0.01571093749999992
0 0.5762421874999999 0.4434453125 0.029921875000000053 0.012664062500000028
0 0.0748125 0.6249374999999999 0.04349218749999999 0.05230468750000004
0 0.6355390625 0.4348203125 0.023820312500000097 0.013671875
