0 0.3828125 0.6649453125000001 0.09752343749999999 0.06257031250000003
0 0.29575000000000007 0.594875 0.06979687499999998 0.05208593749999997
0 0.063359375 0.6316875 0.04278906250000001 0.05321875
0 0.31534375 0.5264765625 0.05181250000000004 0.028226562499999906
0 0.403796875 0.47481249999999997 0.043296875000000054 0.021101562499999994
0 0.47865624999999995 0.48562500000000003 0.03965624999999999 0.021796874999999893
0 0.5788203125 0.5349140625 0.05455468750000012 0.032546875000000065
0 0.5612578124999998 0.45675781249999997 0.03615625000000007 0.01704687499999995
0 0.4885546875000001 0.44574218749999994 0.0343593750000001 0.0201171875
0 0.64371875 0.4624765625 0.029593750000000085 0.014539062500000099
