0 0.41914843749999997 0.691453125 0.09760156249999996 0.07685937500000009
0 0.082125 0.7070000000000001 0.0665546875 0.056445312499999914
0 0.084984375 0.6090078125 0.0455703125 0.034085937499999996
0 0.3349218749999999 0.5651171875 0.04934375000000002 0.03789062500000009
0 0.25250000000000006 0.5474609375 0.044781249999999995 0.03502343749999994
0 0.4988984375 0.5327734375000001 0.05866406249999993 0.03235156249999997
0 0.37289062500000003 0.47809375000000004 0.045140625000000024 0.024124999999999997
0 0.4615078125 0.44928124999999997 0.029671875000000014 0.01610156250000001
0 0.5456484374999999 0.4633984375000001 0.03385156250000003 0.02145312499999994
0 0.523609375 0.4261875 0.026039062499999942 0.011898437500000015
