0 0.39521875 0.6427734375 0.08402343749999996 0.05027343750000002
0 0.135046875 0.6835234374999999 0.06391406249999998 0.06507812500000006
0 0.077421875 0.6296484375 0.04 0.042874999999999996
0 0.32084375 0.5670703125 0.05417187499999998 0.038070312499999925
0 0.28025 0.5279140625000001 0.04837500000000006 0.029359374999999945
0 0.41486718749999996 0.477234375 0.043570312499999986 0.0193359375
0 0.44060156250000004 0.51109375 0.050093750000000006 0.030515625000000046
0 0.5061328125 0.551265625 0.05356249999999996 0.03255468749999988
0 0.55571875 0.47178906249999997 0.036734374999999986 0.01860937499999995
0 0.5924765625 0.43757031249999995 0.036296874999999854 0.01975781249999997
