0 0.31353124999999993 0.6667187499999999 0.08513281250000007 0.06646875000000003
0 0.098859375 0.6938906250000001 0.05447656249999999 0.05024218750000005
0 0.0376484375 0.6501328125 0.048484375 0.04740624999999987
0 0.2139609375 0.5636796875 0.04299218749999998 0.03679687499999993
0 0.28407031250000003 0.5904140625000001 0.05796874999999999 0.042624999999999955
0 0.48913281249999996 0.5574140625 0.06410937500000005 0.03661718749999991
0 0.42378125000000005 0.511546875 0.048070312500000066 0.02954687500000004
0 0.3416640624999999 0.500515625 0.0443828125 0.023367187500000063
0 0.42210156249999997 0.46187500000000004 0.03589843750000003 0.020179687499999942
0 0.511359375 0.46602343749999997 0.03799999999999999 0.023179687500000056
0 0.5631328124999999 0.5116328125 0.0445156250000001 0.02796093749999997
0 0.633953125 0.4779296875 0.03268750000000002 0.020539062499999972
