0 0.0576796875 0.728328125 0.0680390625 0.07228906249999997
0 0.06359375 0.6344531250000001 0.05977343749999999 0.047476562499999986
0 0.32194531249999997 0.62675 0.06978125000000004 0.05216406249999998
0 0.24940625 0.5459375 0.045242187499999975 0.0333906250000001
0 0.3823203125 0.48878125 0.04543750000000006 0.02622656249999995
0 0.4801875 0.5317578125 0.06930468750000003 0.03852343749999996
0 0.498453125 0.4819531250000001 0.03892968749999994 0.021890625000000073
0 0.45732031249999994 0.4536640625 0.033859375000000025 0.017320312500000056
0 0.5745 0.47387499999999994 0.04701562500000005 0.025390625
0 0.5385 0.4528125 0.031492187499999956 0.016203125000000006
0 0.5160859375 0.43442968750000005 0.027851562499999982 0.012960937499999936
0 0.5657890625 0.43566406250000006 0.027249999999999996 0.014257812499999911
0 0.5964375000000001 0.41936718750000007 0.021484375 0.01107812500000005
