0 0.4721484375 0.63903125 0.09787499999999998 0.054398437500000084
0 0.32551562500000003 0.62596875 0.07692187500000003 0.04836718749999998
0 0.0537734375 0.7306796875 0.0758515625 0.08367187499999992
0 0.23478906249999998 0.5566484375 0.049484375000000025 0.03696093749999996
0 0.38566406249999996 0.489453125 0.04767187500000003 0.03203125
0 0.45596875 0.5073125 0.049890624999999925 0.03203906249999999
0 0.5496015625 0.5080937499999999 0.060812499999999936 0.035835937500000005
0 0.5225781250000001 0.4649453125 0.034375000000000086 0.02154687500000012
0 0.45707812499999995 0.4536406250000001 0.035812500000000025 0.017257812500000025
0 0.5137109375 0.4348906250000001 0.03091406249999995 0.012367187500000033
0 0.5628124999999999 0.4374375 0.027242187500000004 0.015421875000000007
0 0.6068203125 0.45267187499999995 0.029679687500000006 0.018382812499999977
0 0.626578125 0.43178125000000006 0.024375000000000036 0.01124218749999999
0 0.5978046875 0.4193515625 0.0248906250000001 0.010835937499999915
