0 0.262265625 0.64684375 0.07835156249999997 0.05504687500000003
0 0.1773515625 0.5824453125 0.06329687500000003 0.04182031249999989
0 0.36420312500000007 0.5007109375000001 0.05109375000000003 0.02692968749999993
0 0.47584374999999995 0.49730468749999995 0.047359375 0.02218749999999998
0 0.495140625 0.5404453124999999 0.0549921874999999 0.03829687499999999
0 0.5988359375 0.48605468749999997 0.0456875000000001 0.026515624999999866
0 0.4572421875 0.454015625 0.03167968750000005 0.01634374999999988
0 0.5273125000000001 0.45660156250000006 0.035195312499999964 0.01381249999999996
0 0.619421875 0.4513671875 0.029890624999999994 0.015460937499999971
0 0.577609375 0.42784374999999997 0.02450000000000001 0.01138281249999995
