0 0.273734375 0.61971875 0.07157031250000001 0.04479687500000003
0 0.245609375 0.56525 0.05103906249999999 0.04299218749999998
0 0.47215625 0.592375 0.07109375 0.045906249999999905
0 0.32795312499999996 0.4994921875 0.05099218750000003 0.030515625000000136
0 0.47309375 0.51253125 0.05353906249999998 0.027656249999999983
0 0.44213281249999997 0.4654453125 0.03628125000000004 0.017585937499999992
0 0.5202500000000001 0.47143750000000006 0.032468750000000046 0.016921874999999975
0 0.57484375 0.523921875 0.053078125000000045 0.02810156250000002
0 0.273296875 0.7556406250000001 0.10670312500000004 0.05121093749999996
0 0.63440625 0.4864921875 0.02957812500000001 0.017640624999999945
0 0.6255703125000001 0.45994531250000004 0.03359375000000009 0.017109375000000072
0 0.5671640625000001 0.44719531250000005 0.031101562499999957 0.01526562500000006
0 0.5410234375 0.4081015625 0.020859374999999947 0.011437500000000078
0 0.5027890625 0.4289296875 0.031117187500000032 0.015523437500000004
