0 0.34660156249999996 0.7003124999999999 0.09008593750000005 0.06759375000000008
0 0.273953125 0.6231796875000001 0.06755468750000002 0.053953125000000046
0 0.2434921875 0.5643515625 0.06242187499999998 0.03228124999999995
0 0.47427343750000006 0.5098828125 0.05971093750000005 0.03047656249999999
0 0.5291796875 0.5656953124999999 0.06237499999999994 0.0349609375
0 0.3291953125 0.49871874999999993 0.04634375000000004 0.02600781250000006
0 0.44281249999999994 0.4649765625000001 0.039773437499999974 0.02042187499999999
0 0.519890625 0.47213281249999994 0.03409374999999999 0.020554687499999957
0 0.6129453125000001 0.4965625 0.03974999999999991 0.024296875000000107
0 0.5671875 0.44635156249999997 0.02815625000000006 0.015390624999999946
0 0.623578125 0.4612421875 0.039101562499999964 0.020679687500000023
