0 0.557609375 0.574328125 0.06806249999999991 0.040976562500000036
0 0.409875 0.5660624999999999 0.06547656249999996 0.038945312500000016
0 0.1926171875 0.5602578125000001 0.05 0.038945312500000016
0 0.405375 0.48253124999999997 0.0419921875 0.028484375000000027
0 0.4888828125 0.4860390625 0.04148437499999993 0.020296875000000013
0 0.5875078125 0.493953125 0.044476562500000136 0.021890624999999986
0 0.613796875 0.4608359375 0.03342187499999989 0.01510156250000012
0 0.55565625 0.4482734375 0.03184374999999991 0.013421874999999962
0 0.51534375 0.4298046875 0.027414062500000114 0.014171875000000079
0 0.5865078125000001 0.41841406249999996 0.02572656250000005 0.011484374999999946
