2 0.20286718750000002 0.6457638888888889 0.052609375 0.08041666666666666
2 0.254421875 0.8128472222222223 0.0798359375 0.12094444444444444
2 0.4122265625 0.8213888888888888 0.0963203125 0.11023611111111112
2 0.32853125 0.5270972222222222 0.058390624999999995 0.057361111111111106
2 0.4155703125 0.5917916666666666 0.07177343750000001 0.08356944444444445
2 0.5260546875000001 0.6056805555555556 0.0650546875 0.07166666666666667
2 0.45239843750000003 0.4310416666666667 0.042749999999999996 0.03986111111111111
2 0.49692968750000005 0.49197222222222226 0.04475 0.03869444444444444
2 0.5895546875 0.48819444444444443 0.055898437499999995 0.058930555555555555
2 0.51065625 0.3921527777777778 0.029796875 0.025569444444444443
0 0.3383046875 0.5256527777777779 0.0165 0.031194444444444445
0 0.424796875 0.581125 0.017953125 0.037069444444444447
1 0.5076953125 0.4925138888888889 0.012523437500000002 0.023805555555555555