2 0.149546875 0.9029027777777778 0.0671640625 0.11479166666666668
2 0.301953125 0.6466944444444445 0.0637109375 0.06338888888888888
2 0.1859140625 0.6218888888888888 0.051828125 0.06888888888888889
2 0.39523437499999997 0.8128611111111111 0.10022656249999999 0.13477777777777777
2 0.4572890625 0.5473611111111112 0.059609375 0.06480555555555555
2 0.5344296875000001 0.5924583333333333 0.0605703125 0.06511111111111112
2 0.3282890625 0.4938611111111111 0.0462578125 0.041874999999999996
2 0.45842968749999996 0.4596388888888889 0.0390625 0.043027777777777776
2 0.5562890625 0.4387638888888889 0.032515625 0.036055555555555556
2 0.5031640625 0.40425 0.029984375 0.021763888888888888
0 0.43372656249999997 0.809 0.015632812500000003 0.043263888888888886