2 0.5165546875 0.687875 0.074328125 0.08595833333333333
2 0.30046875 0.670125 0.0711484375 0.11002777777777778
0 0.4924921875 0.4809861111111111 0.0141484375 0.024875
2 0.497984375 0.47906944444444444 0.0331796875 0.040125
2 0.564875 0.5124444444444444 0.046304687500000004 0.049666666666666665
2 0.6436953125 0.5491527777777777 0.053796875 0.05636111111111111
1 0.5110546874999999 0.682875 0.028484375 0.052111111111111115
2 0.5417578125 0.34570833333333334 0.0228515625 0.018875
2 0.6115234375 0.42568055555555556 0.032359375 0.028666666666666667
2 0.2623359375 0.5837083333333333 0.04984375 0.044444444444444446
2 0.1535234375 0.9275416666666667 0.072078125 0.12815277777777778