2 0.3785625 0.7618333333333334 0.079984375 0.09069444444444444
0 0.3798359375 0.7479583333333333 0.036734375 0.050875000000000004
2 0.5680156249999999 0.769375 0.0891171875 0.09973611111111111
0 0.55225 0.7558055555555555 0.0270390625 0.049666666666666665
2 0.1872421875 0.7647083333333333 0.05695312500000001 0.09943055555555556
2 0.186734375 0.6288333333333334 0.0457578125 0.05988888888888889
2 0.3280234375 0.5271944444444444 0.03996875 0.043569444444444445
2 0.40629687499999995 0.4599305555555555 0.0462265625 0.035708333333333335
2 0.45056250000000003 0.4861666666666667 0.0418125 0.03847222222222222
2 0.48813281249999996 0.6081666666666666 0.054867187500000004 0.06983333333333333
2 0.632984375 0.48737500000000006 0.039234375 0.036319444444444446
2 0.5893046875 0.43369444444444444 0.031609375 0.03751388888888889