2 0.29746875 0.9299444444444444 0.089640625 0.12795833333333334
2 0.259203125 0.7411666666666666 0.07584375 0.09054166666666666
2 0.06021093749999999 0.7215 0.0322890625 0.07630555555555556
2 0.22353125000000001 0.5854305555555556 0.0405703125 0.06065277777777778
2 0.40003124999999995 0.5745555555555556 0.056374999999999995 0.055624999999999994
2 0.3603515625 0.48545833333333327 0.036625000000000005 0.041944444444444444
2 0.47506250000000005 0.6457916666666667 0.0606015625 0.0782361111111111
2 0.5505703125 0.5020555555555556 0.056351562499999994 0.05561111111111111
2 0.5 0.4673333333333334 0.038328125000000005 0.03356944444444444
1 0.2679140625 0.7378611111111111 0.03340625 0.059611111111111115
0 0.3630234375 0.4901111111111111 0.018296875 0.025680555555555554
0 0.47546875 0.6375 0.02371875 0.03988888888888889
0 0.40409375000000003 0.5762916666666666 0.021242187500000002 0.034152777777777775