2 0.29596093749999997 0.9293194444444445 0.092515625 0.1281111111111111
2 0.2544140625 0.744013888888889 0.07077343750000001 0.0921111111111111
2 0.06071093749999999 0.7187361111111111 0.0333046875 0.08119444444444444
2 0.22478906250000003 0.5832638888888889 0.0408125 0.0705
2 0.3581328125 0.4850972222222222 0.0384140625 0.042708333333333334
2 0.40044531250000004 0.5763194444444444 0.0575078125 0.056625
2 0.4749609375 0.6395277777777777 0.0601484375 0.07894444444444446
2 0.5429921875 0.5159583333333333 0.0567890625 0.06230555555555555
2 0.5015859375 0.4627777777777778 0.043687500000000004 0.03775
1 0.2691171875 0.7364027777777779 0.0302421875 0.053625
0 0.36262500000000003 0.48901388888888886 0.015984375000000002 0.02538888888888889
0 0.40546875 0.5781388888888889 0.0188359375 0.02886111111111111
0 0.4767265625 0.6351944444444444 0.0212265625 0.03148611111111111