2 0.48165625 0.8638472222222222 0.08789843750000001 0.10170833333333335
2 0.2159296875 0.9151527777777777 0.0724140625 0.1262638888888889
2 0.17186718750000002 0.7662500000000001 0.062703125 0.1072638888888889
2 0.055906250000000005 0.7309722222222221 0.0424921875 0.07294444444444445
2 0.2676796875 0.5520972222222222 0.044179687499999995 0.04697222222222222
2 0.40991406250000006 0.531875 0.0494921875 0.05393055555555555
2 0.5213281249999999 0.5307638888888888 0.0511953125 0.051694444444444446
2 0.387015625 0.45826388888888886 0.0350625 0.029375
2 0.5352890625 0.4320555555555555 0.0320625 0.021555555555555553
0 0.177046875 0.7564861111111111 0.03228125 0.03754166666666667
1 0.47553124999999996 0.8440416666666667 0.030796875 0.042263888888888886
0 0.51509375 0.5310694444444445 0.0235625 0.024305555555555556