2 0.39521875 0.7538194444444445 0.08402343749999999 0.089375
2 0.135046875 0.8262638888888888 0.06391406250000001 0.11569444444444445
2 0.077421875 0.7304861111111112 0.04 0.07622222222222222
2 0.32084375 0.6192361111111111 0.054171875 0.06768055555555555
2 0.28025 0.549625 0.048375 0.05219444444444444
2 0.41486718749999996 0.4595277777777778 0.0435703125 0.034375
2 0.44060156250000004 0.5197222222222222 0.050093750000000006 0.05425000000000001
2 0.5061328125 0.5911388888888889 0.0535625 0.057875
2 0.55571875 0.4498472222222222 0.036734375 0.03308333333333333
2 0.5924765625 0.3890138888888889 0.036296875 0.035124999999999997
0 0.3949375 0.7442777777777778 0.03125 0.05481944444444444