2 0.10259375 0.9071111111111111 0.060750000000000005 0.13366666666666666
2 0.10814062499999999 0.7105694444444445 0.051578124999999996 0.08593055555555555
2 0.3578515625 0.6359722222222222 0.07071875 0.08083333333333334
2 0.26579687500000004 0.5484583333333333 0.0498828125 0.06258333333333334
2 0.37370312499999997 0.46570833333333334 0.033296875 0.034791666666666665
2 0.466171875 0.5164583333333334 0.046632812499999995 0.04519444444444444
2 0.533859375 0.4550138888888889 0.0389921875 0.04093055555555555
2 0.451453125 0.41486111111111107 0.0303046875 0.026305555555555558
2 0.6084609375000001 0.50025 0.0404140625 0.04031944444444445
1 0.371859375 0.4666111111111111 0.0132265625 0.01725
0 0.46378125 0.5176527777777777 0.015742187499999998 0.020152777777777776
0 0.5388828125 0.45561111111111113 0.01578125 0.01922222222222222