2 0.10697656250000001 0.9049166666666666 0.06541406250000001 0.1376388888888889
2 0.10477343750000001 0.711388888888889 0.0557109375 0.07045833333333333
2 0.26564062499999996 0.5489166666666667 0.052859375 0.059125
2 0.35833593750000003 0.6279583333333333 0.073484375 0.06666666666666667
2 0.40085156250000004 0.7793055555555556 0.0886484375 0.10279166666666667
2 0.3737734375 0.46704166666666663 0.0397890625 0.03965277777777778
2 0.46778906249999996 0.5180138888888889 0.047890625 0.03809722222222222
2 0.5339375000000001 0.45826388888888886 0.0425859375 0.034625
2 0.450859375 0.4149722222222222 0.028140625000000002 0.023319444444444445
0 0.46392187500000004 0.5165972222222222 0.017296875 0.02275
1 0.3700625 0.4664305555555555 0.0130546875 0.017361111111111112
0 0.5378125 0.45555555555555555 0.012562499999999999 0.020388888888888887