2 0.2947734375 0.7676250000000001 0.0738203125 0.10227777777777777
2 0.5443749999999999 0.7001944444444445 0.069046875 0.07470833333333333
2 0.53915625 0.5090833333333333 0.0520859375 0.04623611111111111
2 0.6276328125 0.463125 0.0382109375 0.03838888888888889
2 0.43685156249999996 0.4690138888888889 0.046296875 0.039375
2 0.6116015625 0.40769444444444447 0.0300703125 0.027222222222222224
2 0.52990625 0.36350000000000005 0.0256015625 0.025763888888888888
2 0.566171875 0.3376944444444444 0.020710937500000002 0.012166666666666666
0 0.543390625 0.6935833333333333 0.024054687499999998 0.042694444444444445
0 0.5350546875 0.5119583333333334 0.0199609375 0.024777777777777777
0 0.4332109375 0.46698611111111116 0.018046875 0.024166666666666666