2 0.262265625 0.7610555555555556 0.0783515625 0.09786111111111111
2 0.1773515625 0.6465694444444444 0.063296875 0.07434722222222222
2 0.364203125 0.501263888888889 0.05109375000000001 0.047875
2 0.47584375 0.49520833333333336 0.047359374999999995 0.03944444444444444
2 0.495140625 0.5719027777777778 0.0549921875 0.06808333333333334
2 0.5988359375 0.4752083333333333 0.0456875 0.04713888888888888
0 0.2684609375 0.7454583333333333 0.0246953125 0.04097222222222222
2 0.4572421875 0.41824999999999996 0.0316796875 0.029055555555555557
2 0.5273125000000001 0.4228472222222222 0.0351953125 0.024555555555555556
2 0.619421875 0.41354166666666664 0.029890624999999997 0.02748611111111111
2 0.577609375 0.3717222222222222 0.0245 0.02023611111111111